7282285],
        [  51.07282285,  400.43212716]]), 'proba': 0.8205328080015759}]
------------------
[[    7.84711283    25.03111826]
 [   25.03111826  1339.70289046]]
------------------
[[  14.24756925   51.26050755]
 [  51.26050755  401.66925627]]
(EM) old and new log estimate:  -1523.04953902 -1523.04384602
iter: 2  estimation#: 7  params: [{'mu': array([  72.89350086,  193.21741426]), 'sigma': matrix([[    7.84711283,    25.03111826],
        [   25.03111826,  1339.70289046]]), 'proba': 0.17925937451502164}, {'mu': array([  66.15373932,  135.26942201]), 'sigma': matrix([[  14.24756925,   51.26050755],
        [  51.26050755,  401.66925627]]), 'proba': 0.8207406254849784}]
------------------
[[    7.84931942    25.16989493]
 [   25.16989493  1343.59777486]]
------------------
[[  14.26587721   51.39011078]
 [  51.39011078  402.48770047]]
(EM) old and new log estimate:  -1523.04384602 -1523.04206878
iter: 2  estimation#: 8  params: [{'mu': array([  72.89156471,  193.20850668]), 'sigma': matrix([[    7.84931942,    25.16989493],
        [   25.16989493,  1343.59777486]]), 'proba': 0.17898360825074416}, {'mu': array([  66.15642519,  135.29082769]), 'sigma': matrix([[  14.26587721,   51.39011078],
        [  51.39011078,  402.48770047]]), 'proba': 0.8210163917492559}]
------------------
[[    7.84958917    25.23836274]
 [   25.23836274  1345.91541666]]
------------------
[[  14.28189396   51.48931033]
 [  51.48931033  403.09566456]]
(EM) old and new log estimate:  -1523.04206878 -1523.04126695
{'params': [{'mu': array([  72.89098382,  193.22729703]), 'sigma': matrix([[    7.84958917,    25.23836274],
        [   25.23836274,  1345.91541666]]), 'proba': 0.1786803486780989}, {'mu': array([  66.15903841,  135.308125  ]), 'sigma': matrix([[  14.28189396,   51.48931033],
        [  51.48931033,  403.09566456]]), 'proba': 0.8213196513219011}], 'quality': 1523.0412669523162, 'clusters': [[6, 11, 12, 23, 24, 34, 38, 41, 44, 45, 47, 50, 53, 55, 56, 60, 62, 67, 71, 76, 77, 78, 85, 98, 99, 100, 101, 102, 104, 106, 116, 117, 118, 125, 126, 127, 129, 130, 131, 136, 141, 144, 150, 155, 160, 167, 169, 173, 184, 188, 191, 199, 204, 205, 206, 207, 209], [0, 1, 2, 3, 4, 5, 7, 8, 9, 10, 13, 14, 15, 16, 17, 18, 19, 20, 21, 22, 25, 26, 27, 28, 29, 30, 31, 32, 33, 35, 36, 37, 39, 40, 42, 43, 46, 48, 49, 51, 52, 54, 57, 58, 59, 61, 63, 64, 65, 66, 68, 69, 70, 72, 73, 74, 75, 79, 80, 81, 82, 83, 84, 86, 87, 88, 89, 90, 91, 92, 93, 94, 95, 96, 97, 103, 105, 107, 108, 109, 110, 111, 112, 113, 114, 115, 119, 120, 121, 122, 123, 124, 128, 132, 133, 134, 135, 137, 138, 139, 140, 142, 143, 145, 146, 147, 148, 149, 151, 152, 153, 154, 156, 157, 158, 159, 161, 162, 163, 164, 165, 166, 168, 170, 171, 172, 174, 175, 176, 177, 178, 179, 180, 181, 182, 183, 185, 186, 187, 189, 190, 192, 193, 194, 195, 196, 197, 198, 200, 201, 202, 203, 208]]}
