# Created by Octave 3.2.4, Wed Oct 17 13:35:42 2012 CEST <burak@burak-Aspire-S3>
# name: prior2
# type: matrix
# rows: 3
# columns: 1
 0.9779254810577767
 0.02070411274226631
 0.001370406199957037
# name: transmat2
# type: matrix
# rows: 3
# columns: 3
 0.2287404738667618 0.334084339450757 0.4371751866824812
 0.7440909365809728 0.1657779555441057 0.09013110787492155
 0.05791962397802795 0.3349145109776108 0.6071658650443613
# name: obsmat2
# type: matrix
# rows: 3
# columns: 250
 0.0009810755214124905 0.008285561446245563 0.001428941127059904 0.000345246983433044 3.380015013973721e-05 0.009759095082273026 0.001569838343128718 0.002442227281159881 0.001285241835535173 0.008232884400114533 0.0003821009502861309 0.001489961435996173 0.004766555881280502 0.005109670514392005 0.009795994599091161 0.0001404656372909122 0.001634968562364558 3.840615854238522e-05 0.02334128711295711 0.0003087633166863219 0.006227629167350083 0.006641366431985238 0.007061607875421143 0.0006631297843319649 0.006285081889349294 2.626149418494958e-06 0.0004782411673171677 0.004042978179500794 0.001989606333291173 0.01177767626061019 0.006198202264782245 0.002589347068865531 0.001255861200306135 0.001025055487545994 0.003315221690820905 0.005111850920999778 0.002937966827950789 0.01173993946701355 0.002347003113280732 0.00086941967242028 0.001378541977786261 0.007728649032009681 0.004333711418589186 0.0009305023964868296 0.008447125505331827 0.008400788642718017 0.01088044540014579 0.007329102729615554 0.003872530051745566 0.001628890859611007 0.0008044008936000927 0.002277623400254601 0.008189396703832393 0.004828330265403399 0.0007250805911771602 0.0102795525570091 0.0009486130878666628 0.005060688434609253 0 0.002889988869872858 0.004105053184871566 0.01238216791964033 0.003465258188303946 0.00210411308203778 0.001393211505868133 0.001907405003436624 0.0102858833128809 3.300281169598688e-06 0.01377982763405127 0.004138440046083706 8.989033757664991e-05 0.0008617454579449551 0.0007465778673174014 0.0006361378225175019 0.0001687754870952177 0.0043582971143631 0.0004115131603477323 0.009148816937984503 0.002950198691617688 0.004439427013698588 0.006073005765133407 0.01023148134763071 0.001942556929370695 5.480697666132597e-05 0.0003488508825132293 0.0004387934639726773 0.002421770400633281 0.002103136336076972 0.007601747020221597 0.0002845859199993264 0 3.762437407998353e-05 0.003018272204250595 0.0001314388430247899 0.002175938862771256 0.0007250509763963736 0.0001456666306308358 0.0001079653121382815 0.005047500776910041 0.0008233317327708927 0.01046254903178011 0.0004374778105603794 0.002555870349652141 0.002817847492514776 0.0002328559348697857 0.0001093446295999712 0.0006090311086185229 0.0003148497294921327 0.007302998981345126 0.000326292502032942 0.002191242368829516 0.002007567602572144 0.002581761930954303 0.007180849385778731 0.006953956033272621 0.007698519309486434 0.0008813307326843531 0.01444216754994574 0.002382807058252599 0.008931007143208569 0.008101020552957243 0.002252006720840515 0.009492282020363263 0.002369629311671215 0.01215718454262487 0.01130147012806416 7.208148740778211e-06 0.006660238299122714 0.0001630358316930413 0.001577961734116915 0.002877604305838847 0.00325441124150506 0.0009475906581131608 0.01031010468911959 0.01392338893514231 0.000235000458041056 0.0006521921727224399 0.0002205245461228963 0.003570898531191689 0.0001987096279400686 0.01678940577030142 0.002161716061637019 0.003930795461983781 0.008005591048922109 0.003718764931074986 0.0003981606717599437 0.00320803372686074 0.003532721537474922 0.0003869406356110087 0.001594200007017507 0.007389182549792209 0.0001102224408583996 0.01101631803261154 0 0.006842896052775212 0.02545741585743142 0.003966810130939104 0.003183525001017526 0.002660904772635286 0.008467671001311629 0.000150764709806371 0.002847507359579851 0.000248758413973456 0.0005483248297316012 0.004850985844093894 0.01299984635196684 0.002548165869431829 0.003642873464112898 0.001262395267907088 0.005042988290766196 0.003169970197843507 0.001540139835684557 0.005366136439668138 0.003139560838410813 0.001105351989184881 0.006245067323599847 0.001768455658107813 0.004845554087438959 0.001404733332480071 0.001357439793433585 0.008262539630949788 0.01598665932033098 0.006360241004412679 0.0003629004760179598 0.007953569274570532 0.002603185751953734 1.372614074173854e-05 0.005052562820631353 0 0.003033295719921726 0.01149914025750007 0.002630403928907678 0.004026836594270797 0.001498865895183904 0.0002634004544450289 0.001564430607901643 0.000430764122007016 0.0002275895424022028 0.005872184303677136 0.001001787211012855 0.008590399416733825 0.003653991376158368 0.002108562230031114 0.0004179971384028602 0.0002716099652549017 7.197052749832138e-06 0.001026983478309604 0.0005568675493382921 0.001634763756820045 0.0007809598549304572 0.007155353929343783 0.01066053205995135 4.13515549462995e-06 0.002547196171206931 0.001632202948056163 0.002640985105819375 0.005785315262637213 0.002222261767611813 0.001848763212881457 0.002045220686438485 0.005566721746312105 0.002616653286589412 0.002058704535977657 0.007020702199118247 0.01081303712613535 0.006081080780084519 0.006175912520326657 0.003651950585108822 0.009229970981992632 0.007443040445043657 0.002304791360216962 0 0.006897744223401368 0.004734313946107711 0.002778890380975022 0.002859106318489393 0.000618109503564807 0.0001776690075335041 0.009147102511617928 0 0.001494636271775124 0.008082263188397922 0.007745743662415535 0.003339016453623055 0.00025955189151432 0.01760955892441888 0.001751657504755517 0.002445916910012905 0.009126687450925895 0.0001795754643257749
 0.003790757736274279 0.0003175257267835367 0.0002831043810506524 0.004017703517669984 0.001149023366438718 0.0001545087012735869 0.01463632771720037 0.002044979098649013 0.007432399126941425 0.0005455350492161501 0.01455511346522533 0.006057402716594156 0.002117868049120022 0.00306585370018831 0.004148794327366581 8.850997855481657e-05 9.642545803692116e-06 6.3300323618898e-05 0.002741858219139763 0.007371744875350387 0.001302690556899545 0.003371372841467326 0.001016212970267292 0.0002516407173160767 0.008651597941295185 0.006947081800717334 0.0009927606269708323 0.008806360451685855 0.005796420760819689 0.0003844523134034241 0.0020142224950519 3.301027015176578e-09 0.008241852102020808 0.001460156793491216 0.01347659702888684 4.127210692598003e-06 0.00649783198256911 0.00603360721175505 0.0002529659310101019 0.004606717294839336 0.0002562243298287308 0.003069893279427511 0.006547321106766257 0.0003969720016861634 0.004250239807676436 0.0102380598702372 0.004517517141108931 0.001197829509907841 0.00147975556273909 0.0009939957002630044 0.01049823158631765 0.0005573628708107161 0.002818813420764533 0.0009752558379785566 0.009855987273380539 0.01500807840216713 0.005927455189626057 0.0100554111099825 0 0.005111526793193765 0.002510169803296134 0.001740713866371287 0.005649993074070481 0.005511757317804036 0.0001192368522870111 0.006100136216247693 0.01489644311603458 5.465700135673044e-06 0.0017380259908621 0.002747324580000822 0.004481001594389826 0.0048044305547097 0.001301366697355599 0.001621046916381928 0.001937987750411713 0.004063901254244738 0.002403694739093865 0.001740548716230565 0.0009141784314263274 0.0005547644825655158 0.007712816242022707 0.009318871454517465 0.01108284429145656 0.008000773135269902 0.0003388769943832512 0.006003271548697431 0.0060990030802839 0.0003746361842564889 0.005431538598440003 0.0005088892647852756 0 0.00811403599546515 0.002343009542077591 0.003300969851160325 0.006200237453283749 0.001228219059893171 0.0001479246191586388 0.006554964979893546 0.0001129660300312616 0.004221812382031913 0.002156192528961043 0.004997065211315628 0.0008681081411592828 0.00943701248323524 0.004833652279908112 0.002251190663725219 0.009932067741268098 1.022461097992965e-05 0.01045074161729445 0.009991149244207555 0.01599170248474114 3.141425804273287e-05 0.006838546473602493 0.005171156504078087 0.002728930411159103 3.119987773228485e-05 0.004107660263006035 0.001666738102996467 0.00812115537104874 0.001969162474436197 0.001389050433810052 0.0003357310257795239 0.0009902369104569239 0.0004849481930944331 0.003503297995364874 0.002573010725676362 0.003256575854486674 0.00514671689736397 0.01161446253710676 0.01655382047967386 0.004230012960419387 0.002121796012947328 0.00517876377814182 0.004798563155315359 0.0004761491649369576 0.00505210679375838 0.005052438238712286 0.001260246303554123 0.0007267035777790952 0.004914289430967354 0.006472639430091858 0.003806231630254558 0.003838241777241062 0.0001609892186102554 0.01252624737434426 0.0001852271464370896 0.0004948086366036808 0.006860988567646669 0.002507884491250838 0.003038817136782583 0.002137187257753984 0.004819243399170558 0.005338462103077279 0 9.872992551112809e-05 0.001384438150212424 0.002962994640940464 0.003967966496608912 0.006606199350965139 0.007148146846143658 0.01209376409964181 0.006668375572327196 1.096622020732201e-07 0.0009585797408162011 0.01639439613949412 0.0001247041940308038 0.002542179730897796 0.009958896062061228 0.001356174575642234 0.003643264167271607 0.001012897688502231 0.001098255924698173 0.005008650052655347 0.01563387229892672 0.001500938986846973 0.001496247227328 0.003353648836006223 0.008522798041034821 0.0006676804566166027 0.009018789293271228 0.0005158807124441246 0.003335666281137812 0.0004424282122133078 0.0001534743112094812 0.001634487493291492 0.007419424562443206 0.004694771146087131 0.005400052483351259 0 0.01623176281002159 0.00314450088624192 0.003718576369169975 0.003052425998766174 0.0002677691443669455 0.0006470499434753554 0.005594668458854398 0.0001900840684490342 0.0008179774345460916 0.00278239297215071 0.006566084266141452 0.0008327094680179419 0.0002972225729553961 9.592436361988122e-05 0.003708665475222135 0.0007026947570524724 0.0006041622261079399 0.009903869701672938 0.01634338066228421 0.004462963727165615 0.002796503692780775 0.003084466340973762 0.001821957982937646 5.881731612292601e-06 0.0004454446137027677 0.01320171422877723 0.01046539575078084 0.008157941638057262 0.003068757416378344 0.002798707514970483 0.003317099808643346 0.002784142365508586 0.004357180338244141 2.928939535579883e-06 0.006041384023475281 0.0007344148630316665 0.0004312040005557504 0.008175484953226635 0.000213590534622167 4.688405531392283e-05 0.003320135509896116 0.001712910214529188 0 0.005032725802498674 0.00168425366797819 3.301192935786484e-06 0.009292185396617128 6.685180012171013e-05 0.006213273571309287 0.0009934381860698248 0 0.004945826007401319 0.005925627728920866 0.01517753453716567 0.00536221775126081 0.000221105364398585 0.00466046677046747 9.137172716645561e-05 0.001160059467732638 0.001390261668929418 0.0001862366813141968
 0.004474399886839437 0.001354631741724606 0.008573386462615018 0.0008546334726531636 0.001138010587484205 0.004291380260823752 0.0003396021192865137 0.0006454379949696248 0.007597098182283532 0.005178701277650327 0.007217940740426082 0.004464223633112177 0.002768198804549641 0.001839880535534897 0.001452972194646998 0.003775111327821999 0.0007201259445337672 0.005842767578545169 0.007903565761355182 0.004439138052174091 0.008145471003424989 0.002430491028267047 0.003767459518970395 0.009178804592389029 0.004903345927339269 0.00102672152814296 0.002881630708794158 0.002557787211785285 0.006239476121811356 0.0006199566207150437 0.007667263670155387 4.691880112094795e-09 0.001133403658203989 0.008052854595312823 0.001798379345392357 4.802139752035146e-05 0.005023656887643206 0.0006184318186756513 6.60647941936974e-06 4.0977967307856e-05 0.0007419432210747382 0.009703218651507016 0.009842323734216861 0.006900722148500608 0.0004367789085697673 0.002175711501448108 0.01220068604155261 0.001463754352761246 0.003898098204295411 3.218284536290926e-05 0.001861898570073067 0.00181746721645475 0.003612388227040103 0.003525068543578572 0.006318554897947959 0.001333025875691484 0.002995785175426892 0.002876024485614661 0 0.004063391824950168 0.01088475895200313 0.005121861703985008 0.001274197261589506 0.004380360224092939 0.006743708518910073 0.002144025365064305 0.003378934040280202 0.001965826298128053 0.0001148530257278592 0.0008315446066725172 0.002695343884301711 0.001879901267544499 0.002460122450689806 0.002319318278017416 0.004424477189231181 0.00170995745062599 0.01377286084517408 0.005612477041674521 0.004998522038307711 0.006089312308448018 0.001781011827158642 0.001428086281177495 0.0005836986107497791 0.0002456207407430589 0.005412426564713706 0.001358561273933778 0.009641797845852966 0.00405111399458046 0.004193893836554169 0.005341756625862042 0 0.0001790182877468106 0.007885746396316239 0.00152176083103365 0.01172999459694197 0.008444540284220705 0.005701532496788161 0.005166746855790913 2.045681579455531e-05 0.004291263721250013 0.006291618247958568 0.004039696537006456 0.003359091230623364 0.003047194300702712 0.006282706729888297 0.002277193609714756 0.01226997188673054 0.005669557149244379 0.008778761708622315 0.0006106382372217637 0.006801435331810136 0.0004210173893421636 0.00308305489683923 0.000753299746815836 0.01053315926552838 3.10208168171877e-05 0.0003830329482681199 0.003604909087246119 0.0003599842664680205 0.001673152721410376 0.01060221065732637 2.072861760736924e-05 0.003906596170078941 0.007714896993082729 0.002080914248851669 0.003387202354373217 0.001647616023368372 0.001167018889326655 0.003537221465518726 0.0009564889592766085 0.006665226455319989 0.007861532525913439 0.001551143446601886 0.004548605822888114 0.004837713050638371 0.008099558427393169 0.001865014217602153 0.002889722961031081 0.006629854720876462 0.01019635057296832 0.0004079776113565563 0.0114530189187051 0.006138705235061426 0.001678007559573925 0.01004841033817045 0.007455160357977835 0.003125016854210482 0.0003707803085780239 0.009773899553404259 0.004536464201213577 0.006673636799940738 0.0004696918858845074 0.003630855151677493 0 0.0006351941755655763 0.001330312826658286 0.0008105253255302999 0.000700036031084107 0.003186250704042068 0.000354403574380217 0.005181525821915974 0.003000378668320345 0.009671383390749638 0.006796671493214983 0.004492311728891414 0.009732771138117493 0.006131485420555691 7.943963355728364e-05 0.00400087340731387 0.005428785117061113 0.008706046925697836 2.642462799534654e-05 0.008166370506133457 0.0004143536766032112 7.426102407698715e-05 0.002079449849246686 0.0002378615777401578 0.0001738281587020392 0.01029342945025726 0.004453769024135009 0.001232607526706522 0.003226504899662066 0.002733174759670396 0.005532171486406444 0.002653090108773152 0.002658042631826404 0.002602950215721251 0.006157635292581961 0 7.462618920717055e-05 0.0008623715760675127 0.001296787347702571 0.004646254957114012 0.01247528882791967 0.003288499801681814 0.002760889635297179 0.001510354103709699 0.001223328354928693 0.007375105381176845 0.008422514335320206 0.0007599781319772419 0.01081311270664617 0.0002987066558410406 0.006933213119401977 0.007187467432390095 0.001541626811967181 0.002110550080827655 0.001882267716806412 0.00547575181111226 0.01518728404270176 0.00026868843407103 0.01032035642332398 0.001964897703505781 0.001690890434997124 0.001301468869790181 0.002458350757206836 0.009575691871803722 0.002064849464851841 0.004511512478306765 0.007941520540427266 0.001689973801824944 0.002830136434022969 0.0004021106274959133 0.004207371483450928 0.001108447875177946 0.002953694536142814 0.005321478931961159 0.002984766898783521 0.00871448180782847 0.00382813043647484 0.0029559390709879 0 0.001066324259573879 0.001125653224592742 0.005769875093889818 0.001145481543901566 0.00737092277945997 0.001409693514266741 0.01008380666376897 0 0.003270561781287553 0.005452462061164802 0.005115863088655811 0.009461564736182371 0.003591117580354171 0.00105831749939163 0.004518117653410257 0.01309835357212795 0.003903601776846793 0.009593121210014599
