1             94   
2	      48   	 
3	      96   
4	      96   	 
5	      96   	 
6	      48   	 
7	      96   	 
8	      48   
9	      1    
10	      47   	 
11	      48   
12	      16   	 
13	      32   	 
14	      48   	 
15	      48   
16	      49   	 
17	      47   	 
18	      96   	 
19	      48   	 
20	      7    
21	      41   	 
22	      48   
23	      48   
24	      48   
25	      54   
26	      90   
27	      48   
28	      96   	 
29	      29   
30            67     
31	      48     
32	      146    
33	      92     
34	      96     
35	      34     
36	      62     
37	      67     
38	      29     
39	      48     
40	      96     
41	      48     
42	      96     
43	      96     
